
state={
	id=17
	name="STATE_17"
	resources={
		oil=930.000
	}

	history={
		owner = SOV
		add_core_of = SOV
		victory_points = {
			7937 30 
		}
		victory_points = {
			8228 5 
		}
		victory_points = {
			1896 5 
		}
		victory_points = {
			5924 5 
		}
		buildings = {
			infrastructure = 2
			industrial_complex = 2
			arms_factory = 1

		}

	}

	provinces={
		294 793 1048 1076 1091 1153 1294 1298 1385 1679 1896 1916 2048 2364 2468 2598 2893 3378 3430 3769 4167 4328 4577 4635 4802 4846 4870 4934 5001 5063 5107 5485 5584 5924 5967 6016 6109 6121 6172 6197 6374 6666 6994 7232 7233 7336 7358 7577 7598 7719 7921 7972 8228 8633 8671 9280 9319 9475 9500 9685 9798 10121 10263 10353 10391 11004 11281 11532 11698 11802 11829 11971 12158 12356 12838 12934 13189 13268 13375 13389 13701 13824 13968 14275 14276 14360 14509 14513 14904 14910 14917 14924 14929 14945 14986 14994 15001 15005 15006 15047 15063 15101 15153 15180 15204 15344 15398 15459 15467 15509 
	}
	manpower=672093
	buildings_max_level_factor=1.000
	state_category=town
	local_supplies=0.000
}
