state={
	id=59
	name="STATE_59"
	history={
		owner = SOV
		add_core_of = SOV
		buildings={
		}
	}
	provinces={
		85 774 1429 1601 1792 2493 2560 2610 3859 3873 3926 4677 4737 4807 5273 6661 6670 7571 8073 8683 8851 9466 9676 9808 10318 10348 10491 11112 11531 11543 11760 11866 12332 12419 12560 13022 13120 13641 13788 13835 14327 14402 16504 16506 16557 16573 16609 16643 16678 16745 16749 16759 16776 16802 16842 16903 16914 
	}
	manpower=1164685
	buildings_max_level_factor=1.000
	state_category=town
}
