state={
	id=426
	name="STATE_426"
	history={
		owner = SOV
		add_core_of = S
		victory_points={ 16150 30 }		#Ulyanovsk
		buildings={
		}
	}
	provinces={
		82 112 126 182 386 405 485 506 548 589 622 626 756 761 911 1083 1115 1121 1208 1264 1266 1383 1393 1535 1556 1723 1730 1841 1921 2109 2465 2467 2646 2660 2815 2961 2981 2995 3024 3092 3113 3167 3444 3705 3770 4148 4190 4364 4383 4408 4493 4511 4525 4532 4560 4563 4619 4725 4763 5057 5083 5110 5184 5221 5401 5492 5494 5520 5704 5763 5831 5962 6007 6062 6160 6253 6277 6307 6340 6422 6490 6646 6751 6797 6840 6899 6981 7033 7095 7199 7218 7329 7504 7841 8022 8236 8255 8344 8345 8399 8429 8469 8574 8648 8712 8724 8775 8817 8831 8883 9004 9068 9130 9152 9272 9485 9512 9546 9601 9610 9646 9748 9969 9986 10015 10021 10046 10093 10323 10405 10598 10961 11050 11095 11238 11351 11360 11374 11385 11508 11724 11750 11938 12039 12140 12206 12286 12302 12378 12535 12586 12748 12831 12891 12921 13129 13156 13446 13508 13589 13664 13868 14248 14340 14352 14364 14449 14556 14590 14622 14667 15823 15849 15867 15907 15908 15926 15930 15939 15947 15953 15965 15974 15979 15989 15999 16008 16014 16020 16022 16031 16065 16078 16081 16090 16112 16115 16126 16131 16137 16145 16150 16153 16154 16157 16171 16193 16204 16212 16236 16245 16246 16248 16266 16272 16276 16317 16333 16349 16360 16368 16372 16383 16400 16401 16443 16463 16468 16481 16496 
	}
	manpower=1180725
	buildings_max_level_factor=1.000
	local_supplies = 0.5                       			#One unit of local_supplies is equal to 0.2 units of supply. If undefined, assumed to be 0.
	state_category=town
}
