
strategic_region={
	id=15
	name="Western Ukraine"
	provinces={
		1 9 35 40 71 90 115 132 174 253 260 275 310 367 384 392 403 416 493 497 568 588 605 614 647 669 670 719 764 845 858 890 955 964 981 1050 1082 1100 1112 1124 1130 1134 1144 1147 1149 1227 1244 1248 1323 1332 1333 1425 1433 1531 1547 1565 1594 1599 1617 1647 1648 1677 1687 1690 1715 1733 1771 1791 1808 1813 1864 1866 1907 1934 1940 1945 1980 2038 2046 2061 2107 2116 2142 2145 2159 2160 2170 2245 2251 2252 2295 2322 2347 2355 2363 2370 2390 2426 2439 2450 2461 2507 2510 2522 2527 2546 2616 2617 2637 2734 2750 2755 2837 2853 2858 2894 2908 2909 2938 2939 2943 2965 3032 3050 3053 3100 3109 3125 3148 3179 3191 3223 3232 3233 3252 3259 3262 3284 3289 3313 3316 3320 3327 3349 3427 3448 3485 3522 3568 3625 3641 3665 3702 3728 3742 3744 3756 3782 3799 3819 3864 3882 3886 3897 3901 3903 3908 3980 4037 4058 4071 4087 4092 4094 4106 4111 4125 4173 4176 4186 4251 4252 4270 4290 4340 4429 4431 4432 4508 4538 4571 4572 4592 4604 4609 4611 4626 4654 4657 4675 4702 4707 4720 4723 4735 4742 4746 4804 4812 4874 4879 4904 4910 4916 4923 4924 4938 4951 4952 5016 5035 5039 5146 5154 5155 5178 5180 5195 5263 5276 5321 5355 5360 5406 5419 5425 5455 5465 5511 5531 5535 5565 5615 5616 5634 5656 5657 5714 5719 5720 5773 5791 5797 5807 5823 5827 5845 5855 5892 5899 5909 5914 5921 5936 5937 5995 6024 6053 6070 6078 6081 6127 6142 6156 6173 6178 6183 6185 6224 6250 6256 6260 6275 6302 6310 6313 6349 6350 6410 6417 6421 6435 6437 6438 6493 6504 6516 6526 6548 6575 6578 6579 6681 6720 6721 6731 6754 6792 6795 6802 6808 6824 6880 6896 6912 6913 6922 6934 6944 6950 6978 7025 7026 7040 7081 7086 7094 7111 7131 7134 7138 7147 7175 7183 7194 7195 7198 7201 7212 7238 7299 7307 7308 7320 7360 7364 7385 7405 7413 7448 7458 7515 7529 7557 7564 7566 7589 7606 7643 7704 7735 7752 7765 7788 7813 7844 7864 7871 7882 7909 7913 7918 7924 7945 7947 7950 7951 7970 7997 7999 8019 8020 8039 8083 8108 8159 8186 8226 8260 8267 8280 8282 8293 8314 8320 8326 8373 8383 8386 8387 8388 8441 8450 8468 8483 8488 8499 8515 8531 8537 8538 8576 8591 8596 8698 8727 8764 8771 8791 8834 8856 8861 8869 8979 9001 9021 9025 9057 9078 9097 9103 9157 9160 9191 9212 9252 9259 9274 9286 9291 9293 9297 9301 9323 9331 9358 9360 9366 9390 9419 9455 9457 9477 9480 9482 9493 9494 9507 9566 9571 9599 9651 9672 9677 9699 9737 9738 9760 9771 9803 9809 9818 9866 9873 9892 9896 9932 9970 10000 10026 10043 10045 10074 10110 10117 10129 10137 10195 10270 10279 10290 10331 10339 10365 10392 10395 10467 10521 10698 10705 10706 10746 10748 10757 10761 10768 10782 10817 10825 10832 10835 10871 10888 10905 10906 10933 10938 10983 10987 11033 11053 11072 11077 11101 11180 11181 11199 11200 11202 11239 11240 11260 11278 11279 11280 11300 11302 11315 11356 11389 11409 11420 11432 11433 11442 11457 11473 11496 11503 11528 11530 11545 11554 11556 11557 11562 11603 11664 11740 11744 11751 11783 11797 11877 11878 11889 11896 11897 11901 11967 12014 12015 12045 12052 12070 12115 12123 12126 12131 12141 12175 12211 12222 12249 12257 12262 12271 12298 12304 12365 12374 12413 12436 12454 12487 12490 12505 12517 12526 12531 12548 12605 12656 12659 12693 12717 12723 12726 12739 12743 12751 12762 12772 12781 12811 12855 12868 12880 12916 12945 12969 12973 13013 13024 13066 13073 13095 13100 13146 13194 13244 13250 13308 13346 13377 13384 13416 13420 13437 13468 13517 13518 13582 13592 13597 13600 13619 13632 13634 13689 13712 13715 13723 13726 13731 13746 13757 13762 13801 13817 13820 13842 13879 13896 13900 13919 13972 14002 14015 14079 14083 14089 14122 14128 14171 14176 14186 14197 14245 14274 14308 14311 14313 14345 14351 14375 14394 14398 14450 14462 14489 14501 14522 14545 14553 14598 14613 14669 14674 14675 16430 16435 16451 16471 16490 16507 16526 16541 16546 16548 16555 16559 16575 16582 16583 16594 16613 16615 16625 16634 16635 16644 16652 16661 16681 16685 16692 16716 16719 16727 16736 16741 16765 16766 16778 16794 16803 16810 16819 16831 16834 16847 16855 16862 16866 16882 16886 16895 16899 16912 16922 16939 16958 16959 16977 16989 16999 17000 17007 17009 17022 17064 17081 17084 17089 17102 17115 17125 17143 17149 17153 17154 17159 17179 17189 17194 17205 17206 17228 17238 17240 17251 17259 17262 17265 17284 17287 17298 17314 17324 17333 17335 17340 17346 17349 17364 17370 17377 17382 17400 17403 17413 17418 17423 17432 17437 17443 17458 17469 17477 17488 17499 17500 17502 17513 17514 17529 17541 17555 17556 17560 17569 17572 17577 17584 17608 17609 17610 17627 17638 17641 17647 17648 17654 17656 17658 17660 17669 17670 17681 17682 17696 17699 17707 17712 17717 17721 17722 17727 17730 17733 17741 17742 17747 17751 17753 17754 17763 17766 17775 17776 17783 17784 17799 17803 17804 17810 17819 17824 17833 17839 17845 17872 17873 17876 17877 17878 17879 17891 17893 17902 17903 17908 17913 17928 17933 17943 17948 17950 17951 17959 17961 17966 17968 17969 17973 17981 17987 17990 17991 17995 17996 17997 17998 17999 18004 18006 18011 18014 18042 18047 18049 18050 18054 18055 18060 18064 18067 18070 18082 18087 18090 18092 18098 18099 18102 18116 18127 18141 18143 18147 18150 18154 18155 18166 18178 18196 18199 18219 18224 18227 18231 18246 18249 18256 18258 18265 18272 18285 18288 18292 18309 18317 21759 21799 21803 21816 
	}
	weather={
	}
}
