
strategic_region={
	id=21
	name="Northern Ukraine"
	provinces={
		136 256 291 335 358 617 736 741 744 831 852 879 953 980 1039 1045 1081 1120 1195 1223 1246 1297 1552 1638 1652 1656 1696 1826 1957 1958 2022 2053 2102 2225 2232 2256 2348 2393 2412 2429 2463 2466 2573 2618 2675 2810 2816 2839 2910 2928 3162 3279 3466 3654 3686 3852 3951 3978 4081 4185 4215 4234 4310 4312 4333 4354 4391 4469 4518 4556 4566 4605 4757 4864 4866 4981 5019 5201 5210 5237 5241 5385 5397 5459 5523 5675 5718 6148 6159 6268 6294 6485 6580 6617 6696 6863 6933 7127 7182 7188 7315 7337 7383 7613 7727 7772 7828 8041 8057 8110 8213 8247 8374 8420 8492 8587 8623 8624 8718 8773 8806 8951 8990 9018 9042 9117 9159 9161 9202 9225 9233 9258 9535 9708 9715 9745 9921 10013 10122 10259 10295 10328 10389 10463 10596 10614 10710 10909 11055 11110 11144 11156 11186 11221 11320 11333 11390 11401 11717 11748 11964 12003 12005 12006 12034 12111 12166 12237 12285 12384 12396 12569 12573 12684 12730 12760 12761 12787 12799 12902 13025 13034 13105 13115 13176 13283 13302 13396 13565 13624 13680 13685 13747 13782 13892 13904 13955 14185 14242 14320 14507 14564 14569 14592 17166 17184 17224 17241 17247 17252 17261 17276 17291 17296 17303 17312 17315 17320 17330 17332 17347 17369 17371 17385 17391 17405 17409 17414 17421 17451 17456 17460 17480 17523 17533 17538 17557 17558 17574 17578 17589 17597 17605 17620 17623 17633 17634 17663 17678 17693 17698 17702 17704 17718 17720 17729 17736 17759 17764 17796 17807 17827 17830 17834 17869 17898 17938 17945 17946 17958 18008 18009 18010 18085 18097 21804 21806 21810 
	}
	weather={
	}
}
